9 components Dirichlet mixture with rate matrix LG
>component 1
0.425093 
0.276818 0.751878 
0.395144 0.123954 5.076149 
2.489084 0.534551 0.528768 0.062556 
0.969894 2.807908 1.695752 0.523386 0.084808 
1.038545 0.363970 0.541712 5.243870 0.003499 4.128591 
2.066040 0.390192 1.437645 0.844926 0.569265 0.267959 0.348847 
0.358858 2.426601 4.509238 0.927114 0.640543 4.813505 0.423881 0.311484 
0.149830 0.126991 0.191503 0.010690 0.320627 0.072854 0.044265 0.008705 0.108882 
0.395337 0.301848 0.068427 0.015076 0.594007 0.582457 0.069673 0.044261 0.366317 4.145067 
0.536518 6.326067 2.145078 0.282959 0.013266 3.234294 1.807177 0.296636 0.697264 0.159069 0.137500 
1.124035 0.484133 0.371004 0.025548 0.893680 1.672569 0.173735 0.139538 0.442472 4.273607 6.312358 0.656604 
0.253701 0.052722 0.089525 0.017416 1.105251 0.035855 0.018811 0.089586 0.682139 1.112727 2.592692 0.023918 1.798853 
1.177651 0.332533 0.161787 0.394456 0.075382 0.624294 0.419409 0.196961 0.508851 0.078281 0.249060 0.390322 0.099849 0.094464 
4.727182 0.858151 4.008358 1.240275 2.784478 1.223828 0.611973 1.739990 0.990012 0.064105 0.182287 0.748683 0.346960 0.361819 1.338132 
2.139501 0.578987 2.000679 0.425860 1.143480 1.080136 0.604545 0.129836 0.584262 1.033739 0.302936 1.136863 2.020366 0.165001 0.571468 6.472279 
0.180717 0.593607 0.045376 0.029890 0.670128 0.236199 0.077852 0.268491 0.597054 0.111660 0.619632 0.049906 0.696175 2.457121 0.095131 0.248862 0.140825 
0.218959 0.314440 0.612025 0.135107 1.165532 0.257336 0.120037 0.054679 5.306834 0.232523 0.299648 0.131932 0.481306 7.803902 0.089613 0.400547 0.245841 3.151815 
2.547870 0.170887 0.083688 0.037967 1.959291 0.210332 0.245034 0.076701 0.119013 10.649107 1.702745 0.185202 1.898718 0.654683 0.296501 0.098369 2.188158 0.189510 0.249313 

0.229256 0.019999 0.040908 0.014887 0.033751 0.017501 0.013903 0.111732 0.010495 0.019141 0.026025 0.017243 0.012972 0.012085 0.045571 0.183075 0.124699 0.003183 0.008149 0.055425 
>component 2
0.425093 
0.276818 0.751878 
0.395144 0.123954 5.076149 
2.489084 0.534551 0.528768 0.062556 
0.969894 2.807908 1.695752 0.523386 0.084808 
1.038545 0.363970 0.541712 5.243870 0.003499 4.128591 
2.066040 0.390192 1.437645 0.844926 0.569265 0.267959 0.348847 
0.358858 2.426601 4.509238 0.927114 0.640543 4.813505 0.423881 0.311484 
0.149830 0.126991 0.191503 0.010690 0.320627 0.072854 0.044265 0.008705 0.108882 
0.395337 0.301848 0.068427 0.015076 0.594007 0.582457 0.069673 0.044261 0.366317 4.145067 
0.536518 6.326067 2.145078 0.282959 0.013266 3.234294 1.807177 0.296636 0.697264 0.159069 0.137500 
1.124035 0.484133 0.371004 0.025548 0.893680 1.672569 0.173735 0.139538 0.442472 4.273607 6.312358 0.656604 
0.253701 0.052722 0.089525 0.017416 1.105251 0.035855 0.018811 0.089586 0.682139 1.112727 2.592692 0.023918 1.798853 
1.177651 0.332533 0.161787 0.394456 0.075382 0.624294 0.419409 0.196961 0.508851 0.078281 0.249060 0.390322 0.099849 0.094464 
4.727182 0.858151 4.008358 1.240275 2.784478 1.223828 0.611973 1.739990 0.990012 0.064105 0.182287 0.748683 0.346960 0.361819 1.338132 
2.139501 0.578987 2.000679 0.425860 1.143480 1.080136 0.604545 0.129836 0.584262 1.033739 0.302936 1.136863 2.020366 0.165001 0.571468 6.472279 
0.180717 0.593607 0.045376 0.029890 0.670128 0.236199 0.077852 0.268491 0.597054 0.111660 0.619632 0.049906 0.696175 2.457121 0.095131 0.248862 0.140825 
0.218959 0.314440 0.612025 0.135107 1.165532 0.257336 0.120037 0.054679 5.306834 0.232523 0.299648 0.131932 0.481306 7.803902 0.089613 0.400547 0.245841 3.151815 
2.547870 0.170887 0.083688 0.037967 1.959291 0.210332 0.245034 0.076701 0.119013 10.649107 1.702745 0.185202 1.898718 0.654683 0.296501 0.098369 2.188158 0.189510 0.249313 

0.015832 0.013915 0.021089 0.008660 0.007597 0.016972 0.008027 0.012108 0.056199 0.026057 0.068974 0.010268 0.016251 0.284439 0.009652 0.021504 0.013389 0.052934 0.309509 0.026626 
>component 3
0.425093 
0.276818 0.751878 
0.395144 0.123954 5.076149 
2.489084 0.534551 0.528768 0.062556 
0.969894 2.807908 1.695752 0.523386 0.084808 
1.038545 0.363970 0.541712 5.243870 0.003499 4.128591 
2.066040 0.390192 1.437645 0.844926 0.569265 0.267959 0.348847 
0.358858 2.426601 4.509238 0.927114 0.640543 4.813505 0.423881 0.311484 
0.149830 0.126991 0.191503 0.010690 0.320627 0.072854 0.044265 0.008705 0.108882 
0.395337 0.301848 0.068427 0.015076 0.594007 0.582457 0.069673 0.044261 0.366317 4.145067 
0.536518 6.326067 2.145078 0.282959 0.013266 3.234294 1.807177 0.296636 0.697264 0.159069 0.137500 
1.124035 0.484133 0.371004 0.025548 0.893680 1.672569 0.173735 0.139538 0.442472 4.273607 6.312358 0.656604 
0.253701 0.052722 0.089525 0.017416 1.105251 0.035855 0.018811 0.089586 0.682139 1.112727 2.592692 0.023918 1.798853 
1.177651 0.332533 0.161787 0.394456 0.075382 0.624294 0.419409 0.196961 0.508851 0.078281 0.249060 0.390322 0.099849 0.094464 
4.727182 0.858151 4.008358 1.240275 2.784478 1.223828 0.611973 1.739990 0.990012 0.064105 0.182287 0.748683 0.346960 0.361819 1.338132 
2.139501 0.578987 2.000679 0.425860 1.143480 1.080136 0.604545 0.129836 0.584262 1.033739 0.302936 1.136863 2.020366 0.165001 0.571468 6.472279 
0.180717 0.593607 0.045376 0.029890 0.670128 0.236199 0.077852 0.268491 0.597054 0.111660 0.619632 0.049906 0.696175 2.457121 0.095131 0.248862 0.140825 
0.218959 0.314440 0.612025 0.135107 1.165532 0.257336 0.120037 0.054679 5.306834 0.232523 0.299648 0.131932 0.481306 7.803902 0.089613 0.400547 0.245841 3.151815 
2.547870 0.170887 0.083688 0.037967 1.959291 0.210332 0.245034 0.076701 0.119013 10.649107 1.702745 0.185202 1.898718 0.654683 0.296501 0.098369 2.188158 0.189510 0.249313 

0.084248 0.069854 0.066258 0.065778 0.006820 0.079654 0.114665 0.038881 0.032252 0.021897 0.037111 0.114370 0.017805 0.013109 0.026232 0.087541 0.066861 0.004428 0.018170 0.034069 
>component 4
0.425093 
0.276818 0.751878 
0.395144 0.123954 5.076149 
2.489084 0.534551 0.528768 0.062556 
0.969894 2.807908 1.695752 0.523386 0.084808 
1.038545 0.363970 0.541712 5.243870 0.003499 4.128591 
2.066040 0.390192 1.437645 0.844926 0.569265 0.267959 0.348847 
0.358858 2.426601 4.509238 0.927114 0.640543 4.813505 0.423881 0.311484 
0.149830 0.126991 0.191503 0.010690 0.320627 0.072854 0.044265 0.008705 0.108882 
0.395337 0.301848 0.068427 0.015076 0.594007 0.582457 0.069673 0.044261 0.366317 4.145067 
0.536518 6.326067 2.145078 0.282959 0.013266 3.234294 1.807177 0.296636 0.697264 0.159069 0.137500 
1.124035 0.484133 0.371004 0.025548 0.893680 1.672569 0.173735 0.139538 0.442472 4.273607 6.312358 0.656604 
0.253701 0.052722 0.089525 0.017416 1.105251 0.035855 0.018811 0.089586 0.682139 1.112727 2.592692 0.023918 1.798853 
1.177651 0.332533 0.161787 0.394456 0.075382 0.624294 0.419409 0.196961 0.508851 0.078281 0.249060 0.390322 0.099849 0.094464 
4.727182 0.858151 4.008358 1.240275 2.784478 1.223828 0.611973 1.739990 0.990012 0.064105 0.182287 0.748683 0.346960 0.361819 1.338132 
2.139501 0.578987 2.000679 0.425860 1.143480 1.080136 0.604545 0.129836 0.584262 1.033739 0.302936 1.136863 2.020366 0.165001 0.571468 6.472279 
0.180717 0.593607 0.045376 0.029890 0.670128 0.236199 0.077852 0.268491 0.597054 0.111660 0.619632 0.049906 0.696175 2.457121 0.095131 0.248862 0.140825 
0.218959 0.314440 0.612025 0.135107 1.165532 0.257336 0.120037 0.054679 5.306834 0.232523 0.299648 0.131932 0.481306 7.803902 0.089613 0.400547 0.245841 3.151815 
2.547870 0.170887 0.083688 0.037967 1.959291 0.210332 0.245034 0.076701 0.119013 10.649107 1.702745 0.185202 1.898718 0.654683 0.296501 0.098369 2.188158 0.189510 0.249313 

0.033700 0.243481 0.038614 0.009359 0.005352 0.088900 0.045477 0.023080 0.036994 0.015825 0.034733 0.277042 0.013568 0.006324 0.018094 0.035424 0.034394 0.005407 0.013800 0.020434 
>component 5
0.425093 
0.276818 0.751878 
0.395144 0.123954 5.076149 
2.489084 0.534551 0.528768 0.062556 
0.969894 2.807908 1.695752 0.523386 0.084808 
1.038545 0.363970 0.541712 5.243870 0.003499 4.128591 
2.066040 0.390192 1.437645 0.844926 0.569265 0.267959 0.348847 
0.358858 2.426601 4.509238 0.927114 0.640543 4.813505 0.423881 0.311484 
0.149830 0.126991 0.191503 0.010690 0.320627 0.072854 0.044265 0.008705 0.108882 
0.395337 0.301848 0.068427 0.015076 0.594007 0.582457 0.069673 0.044261 0.366317 4.145067 
0.536518 6.326067 2.145078 0.282959 0.013266 3.234294 1.807177 0.296636 0.697264 0.159069 0.137500 
1.124035 0.484133 0.371004 0.025548 0.893680 1.672569 0.173735 0.139538 0.442472 4.273607 6.312358 0.656604 
0.253701 0.052722 0.089525 0.017416 1.105251 0.035855 0.018811 0.089586 0.682139 1.112727 2.592692 0.023918 1.798853 
1.177651 0.332533 0.161787 0.394456 0.075382 0.624294 0.419409 0.196961 0.508851 0.078281 0.249060 0.390322 0.099849 0.094464 
4.727182 0.858151 4.008358 1.240275 2.784478 1.223828 0.611973 1.739990 0.990012 0.064105 0.182287 0.748683 0.346960 0.361819 1.338132 
2.139501 0.578987 2.000679 0.425860 1.143480 1.080136 0.604545 0.129836 0.584262 1.033739 0.302936 1.136863 2.020366 0.165001 0.571468 6.472279 
0.180717 0.593607 0.045376 0.029890 0.670128 0.236199 0.077852 0.268491 0.597054 0.111660 0.619632 0.049906 0.696175 2.457121 0.095131 0.248862 0.140825 
0.218959 0.314440 0.612025 0.135107 1.165532 0.257336 0.120037 0.054679 5.306834 0.232523 0.299648 0.131932 0.481306 7.803902 0.089613 0.400547 0.245841 3.151815 
2.547870 0.170887 0.083688 0.037967 1.959291 0.210332 0.245034 0.076701 0.119013 10.649107 1.702745 0.185202 1.898718 0.654683 0.296501 0.098369 2.188158 0.189510 0.249313 

0.019751 0.006972 0.002944 0.002696 0.007109 0.009514 0.004909 0.003747 0.003448 0.143985 0.480270 0.005213 0.101003 0.073811 0.006257 0.005790 0.017203 0.006124 0.012718 0.086537 
>component 6
0.425093 
0.276818 0.751878 
0.395144 0.123954 5.076149 
2.489084 0.534551 0.528768 0.062556 
0.969894 2.807908 1.695752 0.523386 0.084808 
1.038545 0.363970 0.541712 5.243870 0.003499 4.128591 
2.066040 0.390192 1.437645 0.844926 0.569265 0.267959 0.348847 
0.358858 2.426601 4.509238 0.927114 0.640543 4.813505 0.423881 0.311484 
0.149830 0.126991 0.191503 0.010690 0.320627 0.072854 0.044265 0.008705 0.108882 
0.395337 0.301848 0.068427 0.015076 0.594007 0.582457 0.069673 0.044261 0.366317 4.145067 
0.536518 6.326067 2.145078 0.282959 0.013266 3.234294 1.807177 0.296636 0.697264 0.159069 0.137500 
1.124035 0.484133 0.371004 0.025548 0.893680 1.672569 0.173735 0.139538 0.442472 4.273607 6.312358 0.656604 
0.253701 0.052722 0.089525 0.017416 1.105251 0.035855 0.018811 0.089586 0.682139 1.112727 2.592692 0.023918 1.798853 
1.177651 0.332533 0.161787 0.394456 0.075382 0.624294 0.419409 0.196961 0.508851 0.078281 0.249060 0.390322 0.099849 0.094464 
4.727182 0.858151 4.008358 1.240275 2.784478 1.223828 0.611973 1.739990 0.990012 0.064105 0.182287 0.748683 0.346960 0.361819 1.338132 
2.139501 0.578987 2.000679 0.425860 1.143480 1.080136 0.604545 0.129836 0.584262 1.033739 0.302936 1.136863 2.020366 0.165001 0.571468 6.472279 
0.180717 0.593607 0.045376 0.029890 0.670128 0.236199 0.077852 0.268491 0.597054 0.111660 0.619632 0.049906 0.696175 2.457121 0.095131 0.248862 0.140825 
0.218959 0.314440 0.612025 0.135107 1.165532 0.257336 0.120037 0.054679 5.306834 0.232523 0.299648 0.131932 0.481306 7.803902 0.089613 0.400547 0.245841 3.151815 
2.547870 0.170887 0.083688 0.037967 1.959291 0.210332 0.245034 0.076701 0.119013 10.649107 1.702745 0.185202 1.898718 0.654683 0.296501 0.098369 2.188158 0.189510 0.249313 

0.045015 0.004944 0.005665 0.004834 0.014555 0.004432 0.007079 0.006719 0.001912 0.310289 0.111307 0.006648 0.029519 0.020161 0.005877 0.010722 0.034395 0.001703 0.006519 0.367706 
>component 7
0.425093 
0.276818 0.751878 
0.395144 0.123954 5.076149 
2.489084 0.534551 0.528768 0.062556 
0.969894 2.807908 1.695752 0.523386 0.084808 
1.038545 0.363970 0.541712 5.243870 0.003499 4.128591 
2.066040 0.390192 1.437645 0.844926 0.569265 0.267959 0.348847 
0.358858 2.426601 4.509238 0.927114 0.640543 4.813505 0.423881 0.311484 
0.149830 0.126991 0.191503 0.010690 0.320627 0.072854 0.044265 0.008705 0.108882 
0.395337 0.301848 0.068427 0.015076 0.594007 0.582457 0.069673 0.044261 0.366317 4.145067 
0.536518 6.326067 2.145078 0.282959 0.013266 3.234294 1.807177 0.296636 0.697264 0.159069 0.137500 
1.124035 0.484133 0.371004 0.025548 0.893680 1.672569 0.173735 0.139538 0.442472 4.273607 6.312358 0.656604 
0.253701 0.052722 0.089525 0.017416 1.105251 0.035855 0.018811 0.089586 0.682139 1.112727 2.592692 0.023918 1.798853 
1.177651 0.332533 0.161787 0.394456 0.075382 0.624294 0.419409 0.196961 0.508851 0.078281 0.249060 0.390322 0.099849 0.094464 
4.727182 0.858151 4.008358 1.240275 2.784478 1.223828 0.611973 1.739990 0.990012 0.064105 0.182287 0.748683 0.346960 0.361819 1.338132 
2.139501 0.578987 2.000679 0.425860 1.143480 1.080136 0.604545 0.129836 0.584262 1.033739 0.302936 1.136863 2.020366 0.165001 0.571468 6.472279 
0.180717 0.593607 0.045376 0.029890 0.670128 0.236199 0.077852 0.268491 0.597054 0.111660 0.619632 0.049906 0.696175 2.457121 0.095131 0.248862 0.140825 
0.218959 0.314440 0.612025 0.135107 1.165532 0.257336 0.120037 0.054679 5.306834 0.232523 0.299648 0.131932 0.481306 7.803902 0.089613 0.400547 0.245841 3.151815 
2.547870 0.170887 0.083688 0.037967 1.959291 0.210332 0.245034 0.076701 0.119013 10.649107 1.702745 0.185202 1.898718 0.654683 0.296501 0.098369 2.188158 0.189510 0.249313 

0.052921 0.021895 0.106377 0.219275 0.002682 0.062308 0.196959 0.059951 0.028185 0.008473 0.015719 0.053382 0.005685 0.006128 0.028322 0.067648 0.037259 0.001820 0.010612 0.014399 
>component 8
0.425093 
0.276818 0.751878 
0.395144 0.123954 5.076149 
2.489084 0.534551 0.528768 0.062556 
0.969894 2.807908 1.695752 0.523386 0.084808 
1.038545 0.363970 0.541712 5.243870 0.003499 4.128591 
2.066040 0.390192 1.437645 0.844926 0.569265 0.267959 0.348847 
0.358858 2.426601 4.509238 0.927114 0.640543 4.813505 0.423881 0.311484 
0.149830 0.126991 0.191503 0.010690 0.320627 0.072854 0.044265 0.008705 0.108882 
0.395337 0.301848 0.068427 0.015076 0.594007 0.582457 0.069673 0.044261 0.366317 4.145067 
0.536518 6.326067 2.145078 0.282959 0.013266 3.234294 1.807177 0.296636 0.697264 0.159069 0.137500 
1.124035 0.484133 0.371004 0.025548 0.893680 1.672569 0.173735 0.139538 0.442472 4.273607 6.312358 0.656604 
0.253701 0.052722 0.089525 0.017416 1.105251 0.035855 0.018811 0.089586 0.682139 1.112727 2.592692 0.023918 1.798853 
1.177651 0.332533 0.161787 0.394456 0.075382 0.624294 0.419409 0.196961 0.508851 0.078281 0.249060 0.390322 0.099849 0.094464 
4.727182 0.858151 4.008358 1.240275 2.784478 1.223828 0.611973 1.739990 0.990012 0.064105 0.182287 0.748683 0.346960 0.361819 1.338132 
2.139501 0.578987 2.000679 0.425860 1.143480 1.080136 0.604545 0.129836 0.584262 1.033739 0.302936 1.136863 2.020366 0.165001 0.571468 6.472279 
0.180717 0.593607 0.045376 0.029890 0.670128 0.236199 0.077852 0.268491 0.597054 0.111660 0.619632 0.049906 0.696175 2.457121 0.095131 0.248862 0.140825 
0.218959 0.314440 0.612025 0.135107 1.165532 0.257336 0.120037 0.054679 5.306834 0.232523 0.299648 0.131932 0.481306 7.803902 0.089613 0.400547 0.245841 3.151815 
2.547870 0.170887 0.083688 0.037967 1.959291 0.210332 0.245034 0.076701 0.119013 10.649107 1.702745 0.185202 1.898718 0.654683 0.296501 0.098369 2.188158 0.189510 0.249313 

0.090658 0.028798 0.023772 0.012523 0.022979 0.025397 0.023198 0.028110 0.020121 0.110318 0.140476 0.028870 0.055453 0.056990 0.019542 0.055934 0.071873 0.012337 0.039973 0.132677 
>component 9
0.425093 
0.276818 0.751878 
0.395144 0.123954 5.076149 
2.489084 0.534551 0.528768 0.062556 
0.969894 2.807908 1.695752 0.523386 0.084808 
1.038545 0.363970 0.541712 5.243870 0.003499 4.128591 
2.066040 0.390192 1.437645 0.844926 0.569265 0.267959 0.348847 
0.358858 2.426601 4.509238 0.927114 0.640543 4.813505 0.423881 0.311484 
0.149830 0.126991 0.191503 0.010690 0.320627 0.072854 0.044265 0.008705 0.108882 
0.395337 0.301848 0.068427 0.015076 0.594007 0.582457 0.069673 0.044261 0.366317 4.145067 
0.536518 6.326067 2.145078 0.282959 0.013266 3.234294 1.807177 0.296636 0.697264 0.159069 0.137500 
1.124035 0.484133 0.371004 0.025548 0.893680 1.672569 0.173735 0.139538 0.442472 4.273607 6.312358 0.656604 
0.253701 0.052722 0.089525 0.017416 1.105251 0.035855 0.018811 0.089586 0.682139 1.112727 2.592692 0.023918 1.798853 
1.177651 0.332533 0.161787 0.394456 0.075382 0.624294 0.419409 0.196961 0.508851 0.078281 0.249060 0.390322 0.099849 0.094464 
4.727182 0.858151 4.008358 1.240275 2.784478 1.223828 0.611973 1.739990 0.990012 0.064105 0.182287 0.748683 0.346960 0.361819 1.338132 
2.139501 0.578987 2.000679 0.425860 1.143480 1.080136 0.604545 0.129836 0.584262 1.033739 0.302936 1.136863 2.020366 0.165001 0.571468 6.472279 
0.180717 0.593607 0.045376 0.029890 0.670128 0.236199 0.077852 0.268491 0.597054 0.111660 0.619632 0.049906 0.696175 2.457121 0.095131 0.248862 0.140825 
0.218959 0.314440 0.612025 0.135107 1.165532 0.257336 0.120037 0.054679 5.306834 0.232523 0.299648 0.131932 0.481306 7.803902 0.089613 0.400547 0.245841 3.151815 
2.547870 0.170887 0.083688 0.037967 1.959291 0.210332 0.245034 0.076701 0.119013 10.649107 1.702745 0.185202 1.898718 0.654683 0.296501 0.098369 2.188158 0.189510 0.249313 

0.052191 0.066161 0.041789 0.067558 0.040593 0.036482 0.061518 0.170161 0.036653 0.021950 0.060201 0.050442 0.014804 0.034854 0.091005 0.031879 0.037085 0.027859 0.026995 0.029819 
