9 components Dirichlet mixture with rate matrix LG
>component 1
 58                                                                        
 54  45                                                                    
 81  16 528                                                                
 56 113  34  10                                                            
 57 310  86  49   9                                                        
105  29  58 767   5 323                                                    
179 137  81 130  59  26 119                                                
 27 328 391 112  69 597  26  23                                            
 36  22  47  11  17   9  12   6  16                                        
 30  38  12   7  23  72   9   6  56 229                                    
 35 646 263  26   7 292 181  27  45  21  14                                
 54  44  30  15  31  43  18  14  33 479 388  65                            
 15   5  10   4  78   4   5   5  40  89 248   4  43                        
194  74  15  15  14 164  18  24 115  10 102  21  16  17                    
378 101 503  59 223  53  30 201  73  40  59  47  29  92 285                
475  64 232  38  42  51  32  33  46 245  25 103 226  12 118 477            
  9 126   8   4 115  18  10  55   8   9  52  10  24  53   6  35  12        
 11  20  70  46 209  24   7   8 573  32  24   8  18 536  10  63  21  71    
298  17  16  31  62  20  45  47  11 961 180  14 323  62  23  38 112  25  16

0.229256 0.019999 0.040908 0.014887 0.033751 0.017501 0.013903 0.111732 0.010495 0.019141 0.026025 0.017243 0.012972 0.012085 0.045571 0.183075 0.124699 0.003183 0.008149 0.055425 
>component 2
 58                                                                        
 54  45                                                                    
 81  16 528                                                                
 56 113  34  10                                                            
 57 310  86  49   9                                                        
105  29  58 767   5 323                                                    
179 137  81 130  59  26 119                                                
 27 328 391 112  69 597  26  23                                            
 36  22  47  11  17   9  12   6  16                                        
 30  38  12   7  23  72   9   6  56 229                                    
 35 646 263  26   7 292 181  27  45  21  14                                
 54  44  30  15  31  43  18  14  33 479 388  65                            
 15   5  10   4  78   4   5   5  40  89 248   4  43                        
194  74  15  15  14 164  18  24 115  10 102  21  16  17                    
378 101 503  59 223  53  30 201  73  40  59  47  29  92 285                
475  64 232  38  42  51  32  33  46 245  25 103 226  12 118 477            
  9 126   8   4 115  18  10  55   8   9  52  10  24  53   6  35  12        
 11  20  70  46 209  24   7   8 573  32  24   8  18 536  10  63  21  71    
298  17  16  31  62  20  45  47  11 961 180  14 323  62  23  38 112  25  16

0.015832 0.013915 0.021089 0.008660 0.007597 0.016972 0.008027 0.012108 0.056199 0.026057 0.068974 0.010268 0.016251 0.284439 0.009652 0.021504 0.013389 0.052934 0.309509 0.026626 
>component 3
 58                                                                        
 54  45                                                                    
 81  16 528                                                                
 56 113  34  10                                                            
 57 310  86  49   9                                                        
105  29  58 767   5 323                                                    
179 137  81 130  59  26 119                                                
 27 328 391 112  69 597  26  23                                            
 36  22  47  11  17   9  12   6  16                                        
 30  38  12   7  23  72   9   6  56 229                                    
 35 646 263  26   7 292 181  27  45  21  14                                
 54  44  30  15  31  43  18  14  33 479 388  65                            
 15   5  10   4  78   4   5   5  40  89 248   4  43                        
194  74  15  15  14 164  18  24 115  10 102  21  16  17                    
378 101 503  59 223  53  30 201  73  40  59  47  29  92 285                
475  64 232  38  42  51  32  33  46 245  25 103 226  12 118 477            
  9 126   8   4 115  18  10  55   8   9  52  10  24  53   6  35  12        
 11  20  70  46 209  24   7   8 573  32  24   8  18 536  10  63  21  71    
298  17  16  31  62  20  45  47  11 961 180  14 323  62  23  38 112  25  16

0.084248 0.069854 0.066258 0.065778 0.006820 0.079654 0.114665 0.038881 0.032252 0.021897 0.037111 0.114370 0.017805 0.013109 0.026232 0.087541 0.066861 0.004428 0.018170 0.034069 
>component 4
 58                                                                        
 54  45                                                                    
 81  16 528                                                                
 56 113  34  10                                                            
 57 310  86  49   9                                                        
105  29  58 767   5 323                                                    
179 137  81 130  59  26 119                                                
 27 328 391 112  69 597  26  23                                            
 36  22  47  11  17   9  12   6  16                                        
 30  38  12   7  23  72   9   6  56 229                                    
 35 646 263  26   7 292 181  27  45  21  14                                
 54  44  30  15  31  43  18  14  33 479 388  65                            
 15   5  10   4  78   4   5   5  40  89 248   4  43                        
194  74  15  15  14 164  18  24 115  10 102  21  16  17                    
378 101 503  59 223  53  30 201  73  40  59  47  29  92 285                
475  64 232  38  42  51  32  33  46 245  25 103 226  12 118 477            
  9 126   8   4 115  18  10  55   8   9  52  10  24  53   6  35  12        
 11  20  70  46 209  24   7   8 573  32  24   8  18 536  10  63  21  71    
298  17  16  31  62  20  45  47  11 961 180  14 323  62  23  38 112  25  16

0.033700 0.243481 0.038614 0.009359 0.005352 0.088900 0.045477 0.023080 0.036994 0.015825 0.034733 0.277042 0.013568 0.006324 0.018094 0.035424 0.034394 0.005407 0.013800 0.020434 
>component 5
 58                                                                        
 54  45                                                                    
 81  16 528                                                                
 56 113  34  10                                                            
 57 310  86  49   9                                                        
105  29  58 767   5 323                                                    
179 137  81 130  59  26 119                                                
 27 328 391 112  69 597  26  23                                            
 36  22  47  11  17   9  12   6  16                                        
 30  38  12   7  23  72   9   6  56 229                                    
 35 646 263  26   7 292 181  27  45  21  14                                
 54  44  30  15  31  43  18  14  33 479 388  65                            
 15   5  10   4  78   4   5   5  40  89 248   4  43                        
194  74  15  15  14 164  18  24 115  10 102  21  16  17                    
378 101 503  59 223  53  30 201  73  40  59  47  29  92 285                
475  64 232  38  42  51  32  33  46 245  25 103 226  12 118 477            
  9 126   8   4 115  18  10  55   8   9  52  10  24  53   6  35  12        
 11  20  70  46 209  24   7   8 573  32  24   8  18 536  10  63  21  71    
298  17  16  31  62  20  45  47  11 961 180  14 323  62  23  38 112  25  16

0.019751 0.006972 0.002944 0.002696 0.007109 0.009514 0.004909 0.003747 0.003448 0.143985 0.480270 0.005213 0.101003 0.073811 0.006257 0.005790 0.017203 0.006124 0.012718 0.086537 
>component 6
 58                                                                        
 54  45                                                                    
 81  16 528                                                                
 56 113  34  10                                                            
 57 310  86  49   9                                                        
105  29  58 767   5 323                                                    
179 137  81 130  59  26 119                                                
 27 328 391 112  69 597  26  23                                            
 36  22  47  11  17   9  12   6  16                                        
 30  38  12   7  23  72   9   6  56 229                                    
 35 646 263  26   7 292 181  27  45  21  14                                
 54  44  30  15  31  43  18  14  33 479 388  65                            
 15   5  10   4  78   4   5   5  40  89 248   4  43                        
194  74  15  15  14 164  18  24 115  10 102  21  16  17                    
378 101 503  59 223  53  30 201  73  40  59  47  29  92 285                
475  64 232  38  42  51  32  33  46 245  25 103 226  12 118 477            
  9 126   8   4 115  18  10  55   8   9  52  10  24  53   6  35  12        
 11  20  70  46 209  24   7   8 573  32  24   8  18 536  10  63  21  71    
298  17  16  31  62  20  45  47  11 961 180  14 323  62  23  38 112  25  16

0.045015 0.004944 0.005665 0.004834 0.014555 0.004432 0.007079 0.006719 0.001912 0.310289 0.111307 0.006648 0.029519 0.020161 0.005877 0.010722 0.034395 0.001703 0.006519 0.367706 
>component 7
 58                                                                        
 54  45                                                                    
 81  16 528                                                                
 56 113  34  10                                                            
 57 310  86  49   9                                                        
105  29  58 767   5 323                                                    
179 137  81 130  59  26 119                                                
 27 328 391 112  69 597  26  23                                            
 36  22  47  11  17   9  12   6  16                                        
 30  38  12   7  23  72   9   6  56 229                                    
 35 646 263  26   7 292 181  27  45  21  14                                
 54  44  30  15  31  43  18  14  33 479 388  65                            
 15   5  10   4  78   4   5   5  40  89 248   4  43                        
194  74  15  15  14 164  18  24 115  10 102  21  16  17                    
378 101 503  59 223  53  30 201  73  40  59  47  29  92 285                
475  64 232  38  42  51  32  33  46 245  25 103 226  12 118 477            
  9 126   8   4 115  18  10  55   8   9  52  10  24  53   6  35  12        
 11  20  70  46 209  24   7   8 573  32  24   8  18 536  10  63  21  71    
298  17  16  31  62  20  45  47  11 961 180  14 323  62  23  38 112  25  16

0.052921 0.021895 0.106377 0.219275 0.002682 0.062308 0.196959 0.059951 0.028185 0.008473 0.015719 0.053382 0.005685 0.006128 0.028322 0.067648 0.037259 0.001820 0.010612 0.014399 
>component 8
 58                                                                        
 54  45                                                                    
 81  16 528                                                                
 56 113  34  10                                                            
 57 310  86  49   9                                                        
105  29  58 767   5 323                                                    
179 137  81 130  59  26 119                                                
 27 328 391 112  69 597  26  23                                            
 36  22  47  11  17   9  12   6  16                                        
 30  38  12   7  23  72   9   6  56 229                                    
 35 646 263  26   7 292 181  27  45  21  14                                
 54  44  30  15  31  43  18  14  33 479 388  65                            
 15   5  10   4  78   4   5   5  40  89 248   4  43                        
194  74  15  15  14 164  18  24 115  10 102  21  16  17                    
378 101 503  59 223  53  30 201  73  40  59  47  29  92 285                
475  64 232  38  42  51  32  33  46 245  25 103 226  12 118 477            
  9 126   8   4 115  18  10  55   8   9  52  10  24  53   6  35  12        
 11  20  70  46 209  24   7   8 573  32  24   8  18 536  10  63  21  71    
298  17  16  31  62  20  45  47  11 961 180  14 323  62  23  38 112  25  16

0.090658 0.028798 0.023772 0.012523 0.022979 0.025397 0.023198 0.028110 0.020121 0.110318 0.140476 0.028870 0.055453 0.056990 0.019542 0.055934 0.071873 0.012337 0.039973 0.132677 
>component 9
 58                                                                        
 54  45                                                                    
 81  16 528                                                                
 56 113  34  10                                                            
 57 310  86  49   9                                                        
105  29  58 767   5 323                                                    
179 137  81 130  59  26 119                                                
 27 328 391 112  69 597  26  23                                            
 36  22  47  11  17   9  12   6  16                                        
 30  38  12   7  23  72   9   6  56 229                                    
 35 646 263  26   7 292 181  27  45  21  14                                
 54  44  30  15  31  43  18  14  33 479 388  65                            
 15   5  10   4  78   4   5   5  40  89 248   4  43                        
194  74  15  15  14 164  18  24 115  10 102  21  16  17                    
378 101 503  59 223  53  30 201  73  40  59  47  29  92 285                
475  64 232  38  42  51  32  33  46 245  25 103 226  12 118 477            
  9 126   8   4 115  18  10  55   8   9  52  10  24  53   6  35  12        
 11  20  70  46 209  24   7   8 573  32  24   8  18 536  10  63  21  71    
298  17  16  31  62  20  45  47  11 961 180  14 323  62  23  38 112  25  16

0.052191 0.066161 0.041789 0.067558 0.040593 0.036482 0.061518 0.170161 0.036653 0.021950 0.060201 0.050442 0.014804 0.034854 0.091005 0.031879 0.037085 0.027859 0.026995 0.029819 
