9 components Dirichlet mixture: amino acid frequencies
>component 1
0.551571
0.509848  0.635346 
0.738998  0.147304  5.429420 
1.027040  0.528191  0.265256  0.0302949 
0.908598  3.035500  1.543640  0.616783  0.0988179 
1.582850  0.439157  0.947198  6.174160  0.021352  5.469470 
1.416720  0.584665  1.125560  0.865584  0.306674  0.330052  0.567717 
0.316954  2.137150  3.956290  0.930676  0.248972  4.294110  0.570025  0.249410 
0.193335  0.186979  0.554236  0.039437  0.170135  0.113917  0.127395  0.0304501 0.138190 
0.397915  0.497671  0.131528  0.0848047 0.384287  0.869489  0.154263  0.0613037 0.499462  3.170970 
0.906265  5.351420  3.012010  0.479855  0.0740339 3.894900  2.584430  0.373558  0.890432  0.323832  0.257555 
0.893496  0.683162  0.198221  0.103754  0.390482  1.545260  0.315124  0.174100  0.404141  4.257460  4.854020  0.934276 
0.210494  0.102711  0.0961621 0.0467304 0.398020  0.0999208 0.0811339 0.049931  0.679371  1.059470  2.115170  0.088836  1.190630 
1.438550  0.679489  0.195081  0.423984  0.109404  0.933372  0.682355  0.243570  0.696198  0.0999288 0.415844  0.556896  0.171329  0.161444 
3.370790  1.224190  3.974230  1.071760  1.407660  1.028870  0.704939  1.341820  0.740169  0.319440  0.344739  0.967130  0.493905  0.545931  1.613280 
2.121110  0.554413  2.030060  0.374866  0.512984  0.857928  0.822765  0.225833  0.473307  1.458160  0.326622  1.386980  1.516120  0.171903  0.795384  4.378020 
0.113133  1.163920  0.0719167 0.129767  0.717070  0.215737  0.156557  0.336983  0.262569  0.212483  0.665309  0.137505  0.515706  1.529640  0.139405  0.523742  0.110864 
0.240735  0.381533  1.086000  0.325711  0.543833  0.227710  0.196303  0.103604  3.873440  0.420170  0.398618  0.133264  0.428437  6.454280  0.216046  0.786993  0.291148  2.485390 
2.006010  0.251849  0.196246  0.152335  1.002140  0.301281  0.588731  0.187247  0.118358  7.821300  1.800340  0.305434  2.058450  0.649892  0.314887  0.232739  1.388230  0.365369  0.314730 

0.229256 0.019999 0.040908 0.014887 0.033751 0.017501 0.013903 0.111732 0.010495 0.019141 0.026025 0.017243 0.012972 0.012085 0.045571 0.183075 0.124699 0.003183 0.008149 0.055425 
>component 2
0.551571
0.509848  0.635346 
0.738998  0.147304  5.429420 
1.027040  0.528191  0.265256  0.0302949 
0.908598  3.035500  1.543640  0.616783  0.0988179 
1.582850  0.439157  0.947198  6.174160  0.021352  5.469470 
1.416720  0.584665  1.125560  0.865584  0.306674  0.330052  0.567717 
0.316954  2.137150  3.956290  0.930676  0.248972  4.294110  0.570025  0.249410 
0.193335  0.186979  0.554236  0.039437  0.170135  0.113917  0.127395  0.0304501 0.138190 
0.397915  0.497671  0.131528  0.0848047 0.384287  0.869489  0.154263  0.0613037 0.499462  3.170970 
0.906265  5.351420  3.012010  0.479855  0.0740339 3.894900  2.584430  0.373558  0.890432  0.323832  0.257555 
0.893496  0.683162  0.198221  0.103754  0.390482  1.545260  0.315124  0.174100  0.404141  4.257460  4.854020  0.934276 
0.210494  0.102711  0.0961621 0.0467304 0.398020  0.0999208 0.0811339 0.049931  0.679371  1.059470  2.115170  0.088836  1.190630 
1.438550  0.679489  0.195081  0.423984  0.109404  0.933372  0.682355  0.243570  0.696198  0.0999288 0.415844  0.556896  0.171329  0.161444 
3.370790  1.224190  3.974230  1.071760  1.407660  1.028870  0.704939  1.341820  0.740169  0.319440  0.344739  0.967130  0.493905  0.545931  1.613280 
2.121110  0.554413  2.030060  0.374866  0.512984  0.857928  0.822765  0.225833  0.473307  1.458160  0.326622  1.386980  1.516120  0.171903  0.795384  4.378020 
0.113133  1.163920  0.0719167 0.129767  0.717070  0.215737  0.156557  0.336983  0.262569  0.212483  0.665309  0.137505  0.515706  1.529640  0.139405  0.523742  0.110864 
0.240735  0.381533  1.086000  0.325711  0.543833  0.227710  0.196303  0.103604  3.873440  0.420170  0.398618  0.133264  0.428437  6.454280  0.216046  0.786993  0.291148  2.485390 
2.006010  0.251849  0.196246  0.152335  1.002140  0.301281  0.588731  0.187247  0.118358  7.821300  1.800340  0.305434  2.058450  0.649892  0.314887  0.232739  1.388230  0.365369  0.314730 

0.015832 0.013915 0.021089 0.008660 0.007597 0.016972 0.008027 0.012108 0.056199 0.026057 0.068974 0.010268 0.016251 0.284439 0.009652 0.021504 0.013389 0.052934 0.309509 0.026626 
>component 3
0.551571
0.509848  0.635346 
0.738998  0.147304  5.429420 
1.027040  0.528191  0.265256  0.0302949 
0.908598  3.035500  1.543640  0.616783  0.0988179 
1.582850  0.439157  0.947198  6.174160  0.021352  5.469470 
1.416720  0.584665  1.125560  0.865584  0.306674  0.330052  0.567717 
0.316954  2.137150  3.956290  0.930676  0.248972  4.294110  0.570025  0.249410 
0.193335  0.186979  0.554236  0.039437  0.170135  0.113917  0.127395  0.0304501 0.138190 
0.397915  0.497671  0.131528  0.0848047 0.384287  0.869489  0.154263  0.0613037 0.499462  3.170970 
0.906265  5.351420  3.012010  0.479855  0.0740339 3.894900  2.584430  0.373558  0.890432  0.323832  0.257555 
0.893496  0.683162  0.198221  0.103754  0.390482  1.545260  0.315124  0.174100  0.404141  4.257460  4.854020  0.934276 
0.210494  0.102711  0.0961621 0.0467304 0.398020  0.0999208 0.0811339 0.049931  0.679371  1.059470  2.115170  0.088836  1.190630 
1.438550  0.679489  0.195081  0.423984  0.109404  0.933372  0.682355  0.243570  0.696198  0.0999288 0.415844  0.556896  0.171329  0.161444 
3.370790  1.224190  3.974230  1.071760  1.407660  1.028870  0.704939  1.341820  0.740169  0.319440  0.344739  0.967130  0.493905  0.545931  1.613280 
2.121110  0.554413  2.030060  0.374866  0.512984  0.857928  0.822765  0.225833  0.473307  1.458160  0.326622  1.386980  1.516120  0.171903  0.795384  4.378020 
0.113133  1.163920  0.0719167 0.129767  0.717070  0.215737  0.156557  0.336983  0.262569  0.212483  0.665309  0.137505  0.515706  1.529640  0.139405  0.523742  0.110864 
0.240735  0.381533  1.086000  0.325711  0.543833  0.227710  0.196303  0.103604  3.873440  0.420170  0.398618  0.133264  0.428437  6.454280  0.216046  0.786993  0.291148  2.485390 
2.006010  0.251849  0.196246  0.152335  1.002140  0.301281  0.588731  0.187247  0.118358  7.821300  1.800340  0.305434  2.058450  0.649892  0.314887  0.232739  1.388230  0.365369  0.314730 

0.084248 0.069854 0.066258 0.065778 0.006820 0.079654 0.114665 0.038881 0.032252 0.021897 0.037111 0.114370 0.017805 0.013109 0.026232 0.087541 0.066861 0.004428 0.018170 0.034069 
>component 4
0.551571
0.509848  0.635346 
0.738998  0.147304  5.429420 
1.027040  0.528191  0.265256  0.0302949 
0.908598  3.035500  1.543640  0.616783  0.0988179 
1.582850  0.439157  0.947198  6.174160  0.021352  5.469470 
1.416720  0.584665  1.125560  0.865584  0.306674  0.330052  0.567717 
0.316954  2.137150  3.956290  0.930676  0.248972  4.294110  0.570025  0.249410 
0.193335  0.186979  0.554236  0.039437  0.170135  0.113917  0.127395  0.0304501 0.138190 
0.397915  0.497671  0.131528  0.0848047 0.384287  0.869489  0.154263  0.0613037 0.499462  3.170970 
0.906265  5.351420  3.012010  0.479855  0.0740339 3.894900  2.584430  0.373558  0.890432  0.323832  0.257555 
0.893496  0.683162  0.198221  0.103754  0.390482  1.545260  0.315124  0.174100  0.404141  4.257460  4.854020  0.934276 
0.210494  0.102711  0.0961621 0.0467304 0.398020  0.0999208 0.0811339 0.049931  0.679371  1.059470  2.115170  0.088836  1.190630 
1.438550  0.679489  0.195081  0.423984  0.109404  0.933372  0.682355  0.243570  0.696198  0.0999288 0.415844  0.556896  0.171329  0.161444 
3.370790  1.224190  3.974230  1.071760  1.407660  1.028870  0.704939  1.341820  0.740169  0.319440  0.344739  0.967130  0.493905  0.545931  1.613280 
2.121110  0.554413  2.030060  0.374866  0.512984  0.857928  0.822765  0.225833  0.473307  1.458160  0.326622  1.386980  1.516120  0.171903  0.795384  4.378020 
0.113133  1.163920  0.0719167 0.129767  0.717070  0.215737  0.156557  0.336983  0.262569  0.212483  0.665309  0.137505  0.515706  1.529640  0.139405  0.523742  0.110864 
0.240735  0.381533  1.086000  0.325711  0.543833  0.227710  0.196303  0.103604  3.873440  0.420170  0.398618  0.133264  0.428437  6.454280  0.216046  0.786993  0.291148  2.485390 
2.006010  0.251849  0.196246  0.152335  1.002140  0.301281  0.588731  0.187247  0.118358  7.821300  1.800340  0.305434  2.058450  0.649892  0.314887  0.232739  1.388230  0.365369  0.314730 

0.033700 0.243481 0.038614 0.009359 0.005352 0.088900 0.045477 0.023080 0.036994 0.015825 0.034733 0.277042 0.013568 0.006324 0.018094 0.035424 0.034394 0.005407 0.013800 0.020434 
>component 5
0.551571
0.509848  0.635346 
0.738998  0.147304  5.429420 
1.027040  0.528191  0.265256  0.0302949 
0.908598  3.035500  1.543640  0.616783  0.0988179 
1.582850  0.439157  0.947198  6.174160  0.021352  5.469470 
1.416720  0.584665  1.125560  0.865584  0.306674  0.330052  0.567717 
0.316954  2.137150  3.956290  0.930676  0.248972  4.294110  0.570025  0.249410 
0.193335  0.186979  0.554236  0.039437  0.170135  0.113917  0.127395  0.0304501 0.138190 
0.397915  0.497671  0.131528  0.0848047 0.384287  0.869489  0.154263  0.0613037 0.499462  3.170970 
0.906265  5.351420  3.012010  0.479855  0.0740339 3.894900  2.584430  0.373558  0.890432  0.323832  0.257555 
0.893496  0.683162  0.198221  0.103754  0.390482  1.545260  0.315124  0.174100  0.404141  4.257460  4.854020  0.934276 
0.210494  0.102711  0.0961621 0.0467304 0.398020  0.0999208 0.0811339 0.049931  0.679371  1.059470  2.115170  0.088836  1.190630 
1.438550  0.679489  0.195081  0.423984  0.109404  0.933372  0.682355  0.243570  0.696198  0.0999288 0.415844  0.556896  0.171329  0.161444 
3.370790  1.224190  3.974230  1.071760  1.407660  1.028870  0.704939  1.341820  0.740169  0.319440  0.344739  0.967130  0.493905  0.545931  1.613280 
2.121110  0.554413  2.030060  0.374866  0.512984  0.857928  0.822765  0.225833  0.473307  1.458160  0.326622  1.386980  1.516120  0.171903  0.795384  4.378020 
0.113133  1.163920  0.0719167 0.129767  0.717070  0.215737  0.156557  0.336983  0.262569  0.212483  0.665309  0.137505  0.515706  1.529640  0.139405  0.523742  0.110864 
0.240735  0.381533  1.086000  0.325711  0.543833  0.227710  0.196303  0.103604  3.873440  0.420170  0.398618  0.133264  0.428437  6.454280  0.216046  0.786993  0.291148  2.485390 
2.006010  0.251849  0.196246  0.152335  1.002140  0.301281  0.588731  0.187247  0.118358  7.821300  1.800340  0.305434  2.058450  0.649892  0.314887  0.232739  1.388230  0.365369  0.314730 

0.019751 0.006972 0.002944 0.002696 0.007109 0.009514 0.004909 0.003747 0.003448 0.143985 0.480270 0.005213 0.101003 0.073811 0.006257 0.005790 0.017203 0.006124 0.012718 0.086537 
>component 6
0.551571
0.509848  0.635346 
0.738998  0.147304  5.429420 
1.027040  0.528191  0.265256  0.0302949 
0.908598  3.035500  1.543640  0.616783  0.0988179 
1.582850  0.439157  0.947198  6.174160  0.021352  5.469470 
1.416720  0.584665  1.125560  0.865584  0.306674  0.330052  0.567717 
0.316954  2.137150  3.956290  0.930676  0.248972  4.294110  0.570025  0.249410 
0.193335  0.186979  0.554236  0.039437  0.170135  0.113917  0.127395  0.0304501 0.138190 
0.397915  0.497671  0.131528  0.0848047 0.384287  0.869489  0.154263  0.0613037 0.499462  3.170970 
0.906265  5.351420  3.012010  0.479855  0.0740339 3.894900  2.584430  0.373558  0.890432  0.323832  0.257555 
0.893496  0.683162  0.198221  0.103754  0.390482  1.545260  0.315124  0.174100  0.404141  4.257460  4.854020  0.934276 
0.210494  0.102711  0.0961621 0.0467304 0.398020  0.0999208 0.0811339 0.049931  0.679371  1.059470  2.115170  0.088836  1.190630 
1.438550  0.679489  0.195081  0.423984  0.109404  0.933372  0.682355  0.243570  0.696198  0.0999288 0.415844  0.556896  0.171329  0.161444 
3.370790  1.224190  3.974230  1.071760  1.407660  1.028870  0.704939  1.341820  0.740169  0.319440  0.344739  0.967130  0.493905  0.545931  1.613280 
2.121110  0.554413  2.030060  0.374866  0.512984  0.857928  0.822765  0.225833  0.473307  1.458160  0.326622  1.386980  1.516120  0.171903  0.795384  4.378020 
0.113133  1.163920  0.0719167 0.129767  0.717070  0.215737  0.156557  0.336983  0.262569  0.212483  0.665309  0.137505  0.515706  1.529640  0.139405  0.523742  0.110864 
0.240735  0.381533  1.086000  0.325711  0.543833  0.227710  0.196303  0.103604  3.873440  0.420170  0.398618  0.133264  0.428437  6.454280  0.216046  0.786993  0.291148  2.485390 
2.006010  0.251849  0.196246  0.152335  1.002140  0.301281  0.588731  0.187247  0.118358  7.821300  1.800340  0.305434  2.058450  0.649892  0.314887  0.232739  1.388230  0.365369  0.314730 

0.045015 0.004944 0.005665 0.004834 0.014555 0.004432 0.007079 0.006719 0.001912 0.310289 0.111307 0.006648 0.029519 0.020161 0.005877 0.010722 0.034395 0.001703 0.006519 0.367706 
>component 7
0.551571
0.509848  0.635346 
0.738998  0.147304  5.429420 
1.027040  0.528191  0.265256  0.0302949 
0.908598  3.035500  1.543640  0.616783  0.0988179 
1.582850  0.439157  0.947198  6.174160  0.021352  5.469470 
1.416720  0.584665  1.125560  0.865584  0.306674  0.330052  0.567717 
0.316954  2.137150  3.956290  0.930676  0.248972  4.294110  0.570025  0.249410 
0.193335  0.186979  0.554236  0.039437  0.170135  0.113917  0.127395  0.0304501 0.138190 
0.397915  0.497671  0.131528  0.0848047 0.384287  0.869489  0.154263  0.0613037 0.499462  3.170970 
0.906265  5.351420  3.012010  0.479855  0.0740339 3.894900  2.584430  0.373558  0.890432  0.323832  0.257555 
0.893496  0.683162  0.198221  0.103754  0.390482  1.545260  0.315124  0.174100  0.404141  4.257460  4.854020  0.934276 
0.210494  0.102711  0.0961621 0.0467304 0.398020  0.0999208 0.0811339 0.049931  0.679371  1.059470  2.115170  0.088836  1.190630 
1.438550  0.679489  0.195081  0.423984  0.109404  0.933372  0.682355  0.243570  0.696198  0.0999288 0.415844  0.556896  0.171329  0.161444 
3.370790  1.224190  3.974230  1.071760  1.407660  1.028870  0.704939  1.341820  0.740169  0.319440  0.344739  0.967130  0.493905  0.545931  1.613280 
2.121110  0.554413  2.030060  0.374866  0.512984  0.857928  0.822765  0.225833  0.473307  1.458160  0.326622  1.386980  1.516120  0.171903  0.795384  4.378020 
0.113133  1.163920  0.0719167 0.129767  0.717070  0.215737  0.156557  0.336983  0.262569  0.212483  0.665309  0.137505  0.515706  1.529640  0.139405  0.523742  0.110864 
0.240735  0.381533  1.086000  0.325711  0.543833  0.227710  0.196303  0.103604  3.873440  0.420170  0.398618  0.133264  0.428437  6.454280  0.216046  0.786993  0.291148  2.485390 
2.006010  0.251849  0.196246  0.152335  1.002140  0.301281  0.588731  0.187247  0.118358  7.821300  1.800340  0.305434  2.058450  0.649892  0.314887  0.232739  1.388230  0.365369  0.314730 

0.052921 0.021895 0.106377 0.219275 0.002682 0.062308 0.196959 0.059951 0.028185 0.008473 0.015719 0.053382 0.005685 0.006128 0.028322 0.067648 0.037259 0.001820 0.010612 0.014399 
>component 8
0.551571
0.509848  0.635346 
0.738998  0.147304  5.429420 
1.027040  0.528191  0.265256  0.0302949 
0.908598  3.035500  1.543640  0.616783  0.0988179 
1.582850  0.439157  0.947198  6.174160  0.021352  5.469470 
1.416720  0.584665  1.125560  0.865584  0.306674  0.330052  0.567717 
0.316954  2.137150  3.956290  0.930676  0.248972  4.294110  0.570025  0.249410 
0.193335  0.186979  0.554236  0.039437  0.170135  0.113917  0.127395  0.0304501 0.138190 
0.397915  0.497671  0.131528  0.0848047 0.384287  0.869489  0.154263  0.0613037 0.499462  3.170970 
0.906265  5.351420  3.012010  0.479855  0.0740339 3.894900  2.584430  0.373558  0.890432  0.323832  0.257555 
0.893496  0.683162  0.198221  0.103754  0.390482  1.545260  0.315124  0.174100  0.404141  4.257460  4.854020  0.934276 
0.210494  0.102711  0.0961621 0.0467304 0.398020  0.0999208 0.0811339 0.049931  0.679371  1.059470  2.115170  0.088836  1.190630 
1.438550  0.679489  0.195081  0.423984  0.109404  0.933372  0.682355  0.243570  0.696198  0.0999288 0.415844  0.556896  0.171329  0.161444 
3.370790  1.224190  3.974230  1.071760  1.407660  1.028870  0.704939  1.341820  0.740169  0.319440  0.344739  0.967130  0.493905  0.545931  1.613280 
2.121110  0.554413  2.030060  0.374866  0.512984  0.857928  0.822765  0.225833  0.473307  1.458160  0.326622  1.386980  1.516120  0.171903  0.795384  4.378020 
0.113133  1.163920  0.0719167 0.129767  0.717070  0.215737  0.156557  0.336983  0.262569  0.212483  0.665309  0.137505  0.515706  1.529640  0.139405  0.523742  0.110864 
0.240735  0.381533  1.086000  0.325711  0.543833  0.227710  0.196303  0.103604  3.873440  0.420170  0.398618  0.133264  0.428437  6.454280  0.216046  0.786993  0.291148  2.485390 
2.006010  0.251849  0.196246  0.152335  1.002140  0.301281  0.588731  0.187247  0.118358  7.821300  1.800340  0.305434  2.058450  0.649892  0.314887  0.232739  1.388230  0.365369  0.314730 

0.090658 0.028798 0.023772 0.012523 0.022979 0.025397 0.023198 0.028110 0.020121 0.110318 0.140476 0.028870 0.055453 0.056990 0.019542 0.055934 0.071873 0.012337 0.039973 0.132677 
>component 9
0.551571
0.509848  0.635346 
0.738998  0.147304  5.429420 
1.027040  0.528191  0.265256  0.0302949 
0.908598  3.035500  1.543640  0.616783  0.0988179 
1.582850  0.439157  0.947198  6.174160  0.021352  5.469470 
1.416720  0.584665  1.125560  0.865584  0.306674  0.330052  0.567717 
0.316954  2.137150  3.956290  0.930676  0.248972  4.294110  0.570025  0.249410 
0.193335  0.186979  0.554236  0.039437  0.170135  0.113917  0.127395  0.0304501 0.138190 
0.397915  0.497671  0.131528  0.0848047 0.384287  0.869489  0.154263  0.0613037 0.499462  3.170970 
0.906265  5.351420  3.012010  0.479855  0.0740339 3.894900  2.584430  0.373558  0.890432  0.323832  0.257555 
0.893496  0.683162  0.198221  0.103754  0.390482  1.545260  0.315124  0.174100  0.404141  4.257460  4.854020  0.934276 
0.210494  0.102711  0.0961621 0.0467304 0.398020  0.0999208 0.0811339 0.049931  0.679371  1.059470  2.115170  0.088836  1.190630 
1.438550  0.679489  0.195081  0.423984  0.109404  0.933372  0.682355  0.243570  0.696198  0.0999288 0.415844  0.556896  0.171329  0.161444 
3.370790  1.224190  3.974230  1.071760  1.407660  1.028870  0.704939  1.341820  0.740169  0.319440  0.344739  0.967130  0.493905  0.545931  1.613280 
2.121110  0.554413  2.030060  0.374866  0.512984  0.857928  0.822765  0.225833  0.473307  1.458160  0.326622  1.386980  1.516120  0.171903  0.795384  4.378020 
0.113133  1.163920  0.0719167 0.129767  0.717070  0.215737  0.156557  0.336983  0.262569  0.212483  0.665309  0.137505  0.515706  1.529640  0.139405  0.523742  0.110864 
0.240735  0.381533  1.086000  0.325711  0.543833  0.227710  0.196303  0.103604  3.873440  0.420170  0.398618  0.133264  0.428437  6.454280  0.216046  0.786993  0.291148  2.485390 
2.006010  0.251849  0.196246  0.152335  1.002140  0.301281  0.588731  0.187247  0.118358  7.821300  1.800340  0.305434  2.058450  0.649892  0.314887  0.232739  1.388230  0.365369  0.314730 

0.052191 0.066161 0.041789 0.067558 0.040593 0.036482 0.061518 0.170161 0.036653 0.021950 0.060201 0.050442 0.014804 0.034854 0.091005 0.031879 0.037085 0.027859 0.026995 0.029819 
