Site	P(FD)
0	 0.506923793558977
1	 0.124600246845146
2	 0.137058382280683
3	 0.130288643881411
4	 0.72436141855872
5	 0.097339551897034
6	 0.0881879898532768
7	 0.0579532060746163
8	 0.119209110973818
9	 0.0579532060746163
10	 0.0783831165591783
11	 0.0612534096499533
12	 0.0567027331294921
13	 0.0783831165591783
14	 0.992045419333666
15	 0.886994966409396
16	 0.226627862012174
17	 0.0783831165591783
18	 0.926253877459382
19	 0.562429004708081
20	 0.605223957631691
21	 0.0305735884282308
22	 0.608259017563713
23	 0.741814318353411
24	 0.535377024155666
25	 0.515483533959492
26	 0.714042021934729
27	 0.524009756107224
28	 0.170660831564658
29	 0.0330584431844926
30	 0.295047085883988
31	 0.98038234937039
32	 0.0236103847582526
33	 0.0549708849887998
34	 0.0724123749253021
35	 0.751800090744902
36	 0.309891615497956
37	 0.729997510527348
38	 0.704186478546085
39	 0.984119039792487
40	 0.922567284961677
41	 0.422936062531787
42	 0.193902373737134
43	 0.706403648576749
44	 0.249682365906807
45	 0.0464346480762987
46	 0.0969480288888911
47	 0.07923665398616
48	 0.0724123749253021
49	 0.080838756265649
50	 0.222638163888643
51	 0.965213399430648
52	 0.293753975315277
53	 0.638219581030574
54	 0.722142269084653
55	 0.340807891808444
56	 0.347336630691257
57	 0.447997220032857
58	 0.0822668783029197
59	 0.209179371584143
60	 0.782538099339867
61	 0.282341589692012
62	 0.0583828792359633
63	 0.081904908013853
64	 0.166770422646204
65	 0.661238650734477
66	 0.360490227240117
67	 0.974543795258408
68	 0.0503122788983135
69	 0.025614034858944
70	 0.436683476733803
71	 0.994311935505305
72	 0.691328380606834
73	 0.111384836389218
74	 0.0744295606367907
75	 0.0612102403027043
76	 0.969960318706501
77	 0.978552848267917
78	 0.477449295266266
79	 0.268932759655581
80	 0.101602173606193
81	 0.0472708398091659
82	 0.967655806728782
83	 0.148103579685357
84	 0.669290963735495
85	 0.214221897986838
86	 0.0112286778523058
87	 0.116156554994373
88	 0.111443147926679
89	 0.91278769978136
90	 0.315765022578652
91	 0.377798959610071
92	 0.119158091243523
93	 0.265908179924469
94	 0.166958378578628
95	 0.0997653021836985
96	 0.100238078493548
97	 0.177616214332862
98	 0.0641632726170028
99	 0.0567027331294921
100	 0.143914601737445
101	 0.0420554441317526
102	 0.867582516831123
103	 0.87491562512375
104	 0.801002681449209
105	 0.787768891177844
106	 0.937283600974475
107	 0.0814613689524184
108	 0.252932090426935
109	 0.920530873863067
110	 0.0296057723420126
111	 0.0624989538623145
112	 0.408869914667963
113	 0.729633901906703
114	 0.0567027331294921
115	 0.0814613689524184
116	 0.661210873919063
117	 0.0894931729063673
118	 0.0652966144551884
119	 0.0167770988888177
120	 0.256607201189834
121	 0.132371179432242
122	 0.0814613689524184
123	 0.0472708398091659
124	 0.159367188303699
125	 0.581524302151022
126	 0.403983321913238
127	 0.135797060557651
128	 0.16279202433488
129	 0.196122874448937
130	 0.806568119389923
131	 0.00639728949222642
132	 0.0652966144551884
133	 0.297826785869687
134	 0.0567027331294921
135	 0.0652966144551884
136	 0.0549708849887998
137	 0.530725971046622
138	 0.158603176926434
139	 0.810196109450351
140	 0.0425346271615504
141	 0.940536229672395
142	 0.488980520800219
143	 0.564838333264755
144	 0.190306160286904
145	 0.428268031083471
146	 0.22773518075513
147	 0.0224651866415087
148	 0.0679570470873822
149	 0.0549708849887998
150	 0.0814613689524184
151	 0.0679570470873822
152	 0.0119934808626052
153	 0.0591056101406277
154	 0.0591056101406277
155	 0.0913985400229334
156	 0.0220165122979438
157	 0.199275914566504
158	 0.0814613689524184
159	 0.0472708398091659
160	 0.664018507376651
161	 0.230416653075087
162	 0.0894931729063673
163	 0.0576916528345907
164	 0.146364393372107
165	 0.335148931150579
166	 0.180003606492982
167	 0.169656304270967
168	 0.076102567750807
169	 0.25008180267183
170	 0.602909992354511
171	 0.989811339218208
172	 0.404851636306397
173	 0.0567027331294921
174	 0.701932430965015
175	 0.0237346815917436
176	 0.0641632726170028
177	 0.0591056101406277
178	 0.64565492086168
179	 0.0296057723420126
180	 0.338254592865258
181	 0.822278721760769
182	 0.0591056101406277
183	 0.657868960830513
184	 0.925127295366801
185	 0.055693357833743
186	 0.757981708243451
187	 0.930992301971248
188	 0.787020091890228
189	 0.125261431748846
190	 0.729633901906703
191	 0.711736331440092
192	 0.864301944670841
193	 0.518059127135718
194	 0.139950632611029
195	 0.872770483593562
196	 0.123540652015596
197	 0.841243015490926
198	 0.729633901906703
199	 0.0783831165591783
200	 0.136255635632115
201	 0.674282109807952
202	 0.668767726900195
203	 0.957220589602137
204	 0.0681162001998517
205	 0.0631642169516692
206	 0.171428188690497
207	 0.0472708398091659
208	 0.363531019046742
209	 0.112465483087272
210	 0.0591056101406277
211	 0.0567027331294921
212	 0.0814613689524184
213	 0.0814613689524184
214	 0.341322096086258
215	 0.0814613689524184
216	 0.0652966144551884
217	 0.567972545700628
218	 0.948769700286544
219	 0.0652966144551884
220	 0.158424971426079
221	 0.0472708398091659
222	 0.674843222953447
223	 0.176472330097194
224	 0.180293531848226
225	 0.0567027331294921
226	 0.0894931729063673
227	 0.190734744214765
228	 0.792579049916862
229	 0.0567027331294921
230	 0.949570044545099
231	 0.0768960702258464
232	 0.784182045410547
233	 0.0783831165591783
234	 0.0645072330975007
235	 0.0472708398091659
236	 0.0840904157027624
237	 0.587277002652173
238	 0.783578769897757
239	 0.17972746047343
240	 0.0679570470873822
241	 0.25140347113856
242	 0.0881169325181693
243	 0.0724123749253021
244	 0.347598054740094
245	 0.854643235071387
246	 0.040653786072588
247	 0.398790065517767
248	 0.828303029953301
249	 0.21490729532606
250	 0.522297437513973
251	 0.931939884486216
252	 0.0509020381190484
253	 0.294307997578201
254	 0.948874489984491
255	 0.0216393900759816
256	 0.588950609061182
257	 0.32920761987433
258	 0.906353550342514
259	 0.155305476825693
260	 0.257355502230184
261	 0.181597725084313
262	 0.519359053791815
263	 0.0801206382976051
264	 0.116728793547044
265	 0.00952247807467051
266	 0.973066536284009
267	 0.0631321519660526
268	 0.49456545019169
269	 0.193799858742289
270	 0.127192642685704
271	 0.0935982413783304
272	 0.0489791143158139
273	 0.0852217459387947
274	 0.542482314646676
275	 0.701392563236429
276	 0.924642167211855
277	 0.201806286797679
278	 0.367652693176175
279	 0.716550336534779
280	 0.497220514800013
281	 0.0652966144551884
282	 0.0679570470873822
283	 0.216065129590702
284	 0.0724123749253021
285	 0.289946055465638
286	 0.891338424908419
287	 0.380185474760999
288	 0.546533434741823
289	 0.407701593322781
290	 0.60299378267237
291	 0.0679570470873822
292	 0.0606955052586958
293	 0.310605714676622
294	 0.276772882198897
295	 0.0724123749253021
296	 0.72377762401851
297	 0.626819392650743
298	 0.957953292774789
299	 0.936619266779208
300	 0.702798308384589
301	 0.702580825858024
302	 0.378557348603587
303	 0.211502560328552
304	 0.985961834858384
305	 0.417780328293676
306	 0.725176688255455
307	 0.444297905080353
308	 0.136801104510718
309	 0.737280199956892
310	 0.369612848287142
311	 0.0425644889156552
312	 0.0115666980439502
313	 0.040393901898105
314	 0.0743042094861541
315	 0.0570723360048113
316	 0.103397665098421
317	 0.0290065781868205
318	 0.103902333272041
319	 0.0414084122964244
320	 0.0717882511111127
321	 0.506521116384108
322	 0.0822386460734317
323	 0.0690643128155065
324	 0.171714589950002
325	 0.0759875485377672
326	 0.122046763160922
327	 0.374548132917774
328	 0.953277711341308
329	 0.980961704992589
330	 0.0914964139511731
331	 0.152381674672293
332	 0.833514647740222
333	 0.209768391172764
334	 0.469862313885099
335	 0.779690031831693
336	 0.504816087216926
337	 0.614305070814911
